1,1,4,119,90,38,1,5475.6
2,1,1,20,270,38,1,5474.6
3,3,1,20,270,38,0,6312.8
4,3,2,50,270,38,0,5317.3
5,3,4,119,270,40,1,5506.4
6,1,2,50,270,38,1,5431.6
7,3,3,81,270,40,1,7631.6
8,1,3,81,90,38,1,5343.3
9,3,1,20,90,40,1,5507.1
10,3,3,81,90,40,1,5456.4
11,3,4,119,270,40,1,5279.7
12,1,1,20,90,38,1,5309.7
13,1,3,81,90,38,1,5731
14,1,2,50,270,38,1,5318.9
15,1,4,119,90,38,1,5251.5
16,3,2,50,90,40,1,5322.7
17,1,1,20,270,38,1,5527.4
18,3,2,50,90,40,1,5379.4
19,3,1,20,90,40,1,5477.2
20,1,4,119,90,38,1,5842.9
21,1,3,81,90,38,1,5347.1
22,3,4,119,270,38,0,6382.1
23,3,3,81,270,40,1,6624.3
24,1,2,50,90,38,1,5512.9
25,3,4,119,90,40,1,5637.3
26,1,4,119,270,38,1,5333.3
27,1,2,50,270,40,0,6081.2
28,3,3,81,90,40,1,5407.1
29,3,2,50,270,38,0,7176
30,1,3,81,270,38,1,5362.8
31,3,1,20,90,40,1,5373.4
32,1,1,20,270,38,1,5496
