1,1,4,125,90,38,1,7681.3
2,3,1,20,90,40,1,5391
3,3,3,80,270,40,1,6248.9
4,1,1,20,270,38,1,5432.1
5,1,3,80,90,40,0,5399.9
6,3,2,50,90,40,1,5393.4
7,3,4,125,270,38,0,5314.6
8,1,2,50,90,40,0,5335.2
9,1,1,20,90,40,0,5427.2
10,3,2,50,90,38,0,5411
11,1,4,125,270,38,1,5603.6
12,3,1,20,270,38,0,5661.1
13,1,2,50,270,38,1,5371.2
14,3,4,125,270,38,0,5406.3
15,1,3,80,270,38,1,5287.4
16,3,3,80,90,38,0,5341.4
17,3,1,20,270,38,0,5497.3
18,3,3,80,90,38,0,5430.6
19,3,4,125,90,38,0,5326.6
20,1,1,20,270,38,1,5427.5
21,1,4,125,90,40,0,5403.1
22,3,2,50,270,40,1,5460.5
23,1,2,50,270,38,1,5315.1
24,1,3,80,90,38,1,5311.3
25,3,3,80,90,40,1,5484.3
26,3,1,20,270,38,0,6202.1
27,1,4,125,90,40,0,5371.3
28,3,4,125,90,40,1,5374.1
29,1,1,20,90,40,0,5448.6
30,1,3,80,270,40,0,5439.6
31,3,2,50,270,38,0,5359.8
32,1,2,50,270,38,1,5355.1
